{"Transform":{"Matrix":{"Components":[1.0,0.0,0.0,0.0,0.0,1.0,0.0,0.0,0.0,0.0,1.0,0.0]}},"Elements":{"0b371d2a-3d6c-4551-b342-149e35e81ead":{"discriminator":"Elements.Geometry.Profile","Perimeter":{"discriminator":"Elements.Geometry.Polygon","Vertices":[{"X":4.08984375,"Y":3.8798828125,"Z":0.0},{"X":-16.7958984375,"Y":4.478515625,"Z":0.0},{"X":-48.13671875,"Y":36.5576171875,"Z":0.0},{"X":-62.443359375,"Y":22.5810546875,"Z":0.0},{"X":-25.4521484375,"Y":-15.28125,"Z":0.0},{"X":3.515625,"Y":-16.1123046875,"Z":0.0}]},"Voids":null,"Id":"0b371d2a-3d6c-4551-b342-149e35e81ead","Name":null},"0524e1fa-ef60-41c8-a2a9-11e92e9c90e5":{"discriminator":"Elements.Material","Color":{"Red":0.60000002384185791,"Green":0.60000002384185791,"Blue":0.60000002384185791,"Alpha":1.0},"SpecularFactor":0.0,"GlossinessFactor":0.0,"Texture":null,"Id":"0524e1fa-ef60-41c8-a2a9-11e92e9c90e5","Name":"foundation"},"28b2bc18-d563-47d3-af44-a4f67346619a":{"discriminator":"Elements.Geometry.Profile","Perimeter":{"discriminator":"Elements.Geometry.Polygon","Vertices":[{"X":4.08984375,"Y":3.8798828125,"Z":0.0},{"X":-16.7958984375,"Y":4.478515625,"Z":0.0},{"X":-48.13671875,"Y":36.5576171875,"Z":0.0},{"X":-62.443359375,"Y":22.5810546875,"Z":0.0},{"X":-25.4521484375,"Y":-15.28125,"Z":0.0},{"X":3.515625,"Y":-16.1123046875,"Z":0.0}]},"Voids":null,"Id":"28b2bc18-d563-47d3-af44-a4f67346619a","Name":null},"bcaa94a8-0f49-4478-9776-9134926e4b64":{"discriminator":"Elements.Envelope","Profile":"0b371d2a-3d6c-4551-b342-149e35e81ead","Elevation":-13.0,"Height":13.0,"Direction":{"X":0.0,"Y":0.0,"Z":1.0},"Rotation":0.0,"Transform":{"Matrix":{"Components":[1.0,0.0,0.0,0.0,0.0,1.0,0.0,0.0,0.0,0.0,1.0,-13.0]}},"Material":"0524e1fa-ef60-41c8-a2a9-11e92e9c90e5","Representation":{"SolidOperations":[{"discriminator":"Elements.Geometry.Solids.Extrude","Profile":"28b2bc18-d563-47d3-af44-a4f67346619a","Height":13.0,"Direction":{"X":0.0,"Y":0.0,"Z":1.0},"IsVoid":false}]},"Id":"bcaa94a8-0f49-4478-9776-9134926e4b64","Name":""},"c3069925-ce2a-467e-8a3b-4adce5083437":{"discriminator":"Elements.Geometry.Profile","Perimeter":{"discriminator":"Elements.Geometry.Polygon","Vertices":[{"X":4.08984375,"Y":3.8798828125,"Z":0.0},{"X":-16.7958984375,"Y":4.478515625,"Z":0.0},{"X":-48.13671875,"Y":36.5576171875,"Z":0.0},{"X":-62.443359375,"Y":22.5810546875,"Z":0.0},{"X":-25.4521484375,"Y":-15.28125,"Z":0.0},{"X":3.515625,"Y":-16.1123046875,"Z":0.0}]},"Voids":null,"Id":"c3069925-ce2a-467e-8a3b-4adce5083437","Name":null},"51e3a479-577e-4283-8b91-27e2f9b403fd":{"discriminator":"Elements.Material","Color":{"Red":0.30000001192092896,"Green":0.699999988079071,"Blue":0.699999988079071,"Alpha":0.6},"SpecularFactor":0.0,"GlossinessFactor":0.0,"Texture":null,"Id":"51e3a479-577e-4283-8b91-27e2f9b403fd","Name":"envelope"},"d31cbaa3-925b-4630-bd3c-7920f978f5a8":{"discriminator":"Elements.Geometry.Profile","Perimeter":{"discriminator":"Elements.Geometry.Polygon","Vertices":[{"X":4.08984375,"Y":3.8798828125,"Z":0.0},{"X":-16.7958984375,"Y":4.478515625,"Z":0.0},{"X":-48.13671875,"Y":36.5576171875,"Z":0.0},{"X":-62.443359375,"Y":22.5810546875,"Z":0.0},{"X":-25.4521484375,"Y":-15.28125,"Z":0.0},{"X":3.515625,"Y":-16.1123046875,"Z":0.0}]},"Voids":null,"Id":"d31cbaa3-925b-4630-bd3c-7920f978f5a8","Name":null},"68266f26-7897-4663-a4cd-b7b8d59f1bc8":{"discriminator":"Elements.Envelope","Profile":"c3069925-ce2a-467e-8a3b-4adce5083437","Elevation":0.0,"Height":28.0,"Direction":{"X":0.0,"Y":0.0,"Z":1.0},"Rotation":0.0,"Transform":{"Matrix":{"Components":[1.0,0.0,0.0,0.0,0.0,1.0,0.0,0.0,0.0,0.0,1.0,0.0]}},"Material":"51e3a479-577e-4283-8b91-27e2f9b403fd","Representation":{"SolidOperations":[{"discriminator":"Elements.Geometry.Solids.Extrude","Profile":"d31cbaa3-925b-4630-bd3c-7920f978f5a8","Height":28.0,"Direction":{"X":0.0,"Y":0.0,"Z":1.0},"IsVoid":false}]},"Id":"68266f26-7897-4663-a4cd-b7b8d59f1bc8","Name":""},"066a7cd0-adb9-4b93-bd86-1c60e78f8148":{"discriminator":"Elements.Material","Color":{"Red":1.0,"Green":1.0,"Blue":1.0,"Alpha":1.0},"SpecularFactor":0.5,"GlossinessFactor":0.5,"Texture":null,"Id":"066a7cd0-adb9-4b93-bd86-1c60e78f8148","Name":"envelope"},"79cedf0a-32bb-4d6e-b9f7-4324eb11a913":{"discriminator":"Elements.Geometry.Profile","Perimeter":{"discriminator":"Elements.Geometry.Polygon","Vertices":[{"X":0.00037434180688052169,"Y":0.0099929909542449524,"Z":0.0},{"X":0.32178541535820865,"Y":0.0099929909542449524,"Z":0.0},{"X":0.32178541535820865,"Y":8.5900070090457543,"Z":0.0},{"X":0.00037434180688052169,"Y":8.5900070090457543,"Z":0.0}]},"Voids":null,"Id":"79cedf0a-32bb-4d6e-b9f7-4324eb11a913","Name":null},"90442886-44ff-4df9-bb8f-695a361465a2":{"discriminator":"Elements.FacadePanel","Thickness":0.1,"Transform":{"Matrix":{"Components":[-0.99958949001309683,0.0,0.028650505324637789,4.08984375,0.028650505324637789,0.0,0.99958949001309683,3.8798828125,0.0,1.0,0.0,0.0]}},"Material":"066a7cd0-adb9-4b93-bd86-1c60e78f8148","Representation":{"SolidOperations":[{"discriminator":"Elements.Geometry.Solids.Extrude","Profile":"79cedf0a-32bb-4d6e-b9f7-4324eb11a913","Height":0.1,"Direction":{"X":0.0,"Y":0.0,"Z":1.0},"IsVoid":false}]},"Id":"90442886-44ff-4df9-bb8f-695a361465a2","Name":"FP_0_0"},"196a7ee1-07ff-43a0-a41c-247fbe66f501":{"discriminator":"Elements.Geometry.Profile","Perimeter":{"discriminator":"Elements.Geometry.Polygon","Vertices":[{"X":0.00253108736308798,"Y":0.0096743783655807228,"Z":0.0},{"X":2.2474689126369118,"Y":0.0096743783655807228,"Z":0.0},{"X":2.2474689126369118,"Y":8.5903256216344186,"Z":0.0},{"X":0.00253108736308798,"Y":8.5903256216344186,"Z":0.0}]},"Voids":[{"discriminator":"Elements.Geometry.Polygon","Vertices":[{"X":0.51,"Y":8.09,"Z":0.0},{"X":1.74,"Y":8.09,"Z":0.0},{"X":1.74,"Y":0.51,"Z":0.0},{"X":0.51,"Y":0.51,"Z":0.0}]}],"Id":"196a7ee1-07ff-43a0-a41c-247fbe66f501","Name":null},"4639ac98-5b8d-4fe2-931f-9165bef50105":{"discriminator":"Elements.FacadePanel","Thickness":0.1,"Transform":{"Matrix":{"Components":[-0.99958949001309683,0.0,0.028650505324637789,3.7678162426326054,0.028650505324637789,0.0,0.99958949001309683,3.8891128523380423,0.0,1.0,0.0,0.0]}},"Material":"066a7cd0-adb9-4b93-bd86-1c60e78f8148","Representation":{"SolidOperations":[{"discriminator":"Elements.Geometry.Solids.Extrude","Profile":"196a7ee1-07ff-43a0-a41c-247fbe66f501","Height":0.1,"Direction":{"X":0.0,"Y":0.0,"Z":1.0},"IsVoid":false}]},"Id":"4639ac98-5b8d-4fe2-931f-9165bef50105","Name":"FP_0"},"16f20536-9cf8-4cdd-90bb-87185914f092":{"discriminator":"Elements.Material","Color":{"Red":1.0,"Green":1.0,"Blue":1.0,"Alpha":0.7},"SpecularFactor":0.800000011920929,"GlossinessFactor":1.0,"Texture":null,"Id":"16f20536-9cf8-4cdd-90bb-87185914f092","Name":"Glazing"},"75f90636-2fd1-4a9f-bf70-ba1823566520":{"discriminator":"Elements.Panel","Perimeter":{"discriminator":"Elements.Geometry.Polygon","Vertices":[{"X":0.51,"Y":8.09,"Z":0.0},{"X":1.74,"Y":8.09,"Z":0.0},{"X":1.74,"Y":0.51,"Z":0.0},{"X":0.51,"Y":0.51,"Z":0.0}]},"Transform":{"Matrix":{"Components":[-0.99958949001309683,0.0,0.028650505324637789,3.7678162426326054,0.028650505324637789,0.0,0.99958949001309683,3.8891128523380423,0.0,1.0,0.0,0.0]}},"Material":"16f20536-9cf8-4cdd-90bb-87185914f092","Representation":{"SolidOperations":[{"discriminator":"Elements.Geometry.Solids.Lamina","Perimeter":{"discriminator":"Elements.Geometry.Polygon","Vertices":[{"X":0.51,"Y":8.09,"Z":0.0},{"X":1.74,"Y":8.09,"Z":0.0},{"X":1.74,"Y":0.51,"Z":0.0},{"X":0.51,"Y":0.51,"Z":0.0}]},"IsVoid":false}]},"Id":"75f90636-2fd1-4a9f-bf70-ba1823566520","Name":null},"0a996163-5145-4eaf-8efc-d3c7b7b0b11f":{"discriminator":"Elements.ElementInstance","Parent":"4639ac98-5b8d-4fe2-931f-9165bef50105","Transform":{"Matrix":{"Components":[-0.99958949001309683,0.0,0.028650505324637789,1.5187398901031375,0.028650505324637789,0.0,0.99958949001309683,3.9535764893184773,0.0,1.0,0.0,0.0]}},"Id":"0a996163-5145-4eaf-8efc-d3c7b7b0b11f","Name":null},"48c7ba50-f8d7-43ce-95d6-5c52033df4bb":{"discriminator":"Elements.ElementInstance","Parent":"75f90636-2fd1-4a9f-bf70-ba1823566520","Transform":{"Matrix":{"Components":[-0.99958949001309683,0.0,0.028650505324637789,1.5187398901031375,0.028650505324637789,0.0,0.99958949001309683,3.9535764893184773,0.0,1.0,0.0,0.0]}},"Id":"48c7ba50-f8d7-43ce-95d6-5c52033df4bb","Name":null},"5558dc34-3f81-4836-9f15-b9a524ac627d":{"discriminator":"Elements.ElementInstance","Parent":"4639ac98-5b8d-4fe2-931f-9165bef50105","Transform":{"Matrix":{"Components":[-0.99958949001309683,0.0,0.028650505324637789,-0.73033646242633043,0.028650505324637789,0.0,0.99958949001309683,4.0180401262989127,0.0,1.0,0.0,0.0]}},"Id":"5558dc34-3f81-4836-9f15-b9a524ac627d","Name":null},"a6f1f083-f74c-4e92-bb5d-148712c1ed82":{"discriminator":"Elements.ElementInstance","Parent":"75f90636-2fd1-4a9f-bf70-ba1823566520","Transform":{"Matrix":{"Components":[-0.99958949001309683,0.0,0.028650505324637789,-0.73033646242633043,0.028650505324637789,0.0,0.99958949001309683,4.0180401262989127,0.0,1.0,0.0,0.0]}},"Id":"a6f1f083-f74c-4e92-bb5d-148712c1ed82","Name":null},"64241f60-2f51-4e6d-a83f-21919b193334":{"discriminator":"Elements.ElementInstance","Parent":"4639ac98-5b8d-4fe2-931f-9165bef50105","Transform":{"Matrix":{"Components":[-0.99958949001309683,0.0,0.028650505324637789,-2.9794128149557979,0.028650505324637789,0.0,0.99958949001309683,4.0825037632793473,0.0,1.0,0.0,0.0]}},"Id":"64241f60-2f51-4e6d-a83f-21919b193334","Name":null},"b214f150-b824-4987-b6ec-f78b29b22598":{"discriminator":"Elements.ElementInstance","Parent":"75f90636-2fd1-4a9f-bf70-ba1823566520","Transform":{"Matrix":{"Components":[-0.99958949001309683,0.0,0.028650505324637789,-2.9794128149557979,0.028650505324637789,0.0,0.99958949001309683,4.0825037632793473,0.0,1.0,0.0,0.0]}},"Id":"b214f150-b824-4987-b6ec-f78b29b22598","Name":null},"83016d9a-3554-406c-b70a-8b073ff9d2ec":{"discriminator":"Elements.ElementInstance","Parent":"4639ac98-5b8d-4fe2-931f-9165bef50105","Transform":{"Matrix":{"Components":[-0.99958949001309683,0.0,0.028650505324637789,-5.2284891674852663,0.028650505324637789,0.0,0.99958949001309683,4.1469674002597827,0.0,1.0,0.0,0.0]}},"Id":"83016d9a-3554-406c-b70a-8b073ff9d2ec","Name":null},"a4a16df1-0bf5-4289-8fef-50aaafd2067c":{"discriminator":"Elements.ElementInstance","Parent":"75f90636-2fd1-4a9f-bf70-ba1823566520","Transform":{"Matrix":{"Components":[-0.99958949001309683,0.0,0.028650505324637789,-5.2284891674852663,0.028650505324637789,0.0,0.99958949001309683,4.1469674002597827,0.0,1.0,0.0,0.0]}},"Id":"a4a16df1-0bf5-4289-8fef-50aaafd2067c","Name":null},"f940c517-2661-49cd-a357-969cf6da2dad":{"discriminator":"Elements.ElementInstance","Parent":"4639ac98-5b8d-4fe2-931f-9165bef50105","Transform":{"Matrix":{"Components":[-0.99958949001309683,0.0,0.028650505324637789,-7.4775655200147337,0.028650505324637789,0.0,0.99958949001309683,4.2114310372402173,0.0,1.0,0.0,0.0]}},"Id":"f940c517-2661-49cd-a357-969cf6da2dad","Name":null},"7f6a28ce-fbc9-401c-80c9-c9312a0fa142":{"discriminator":"Elements.ElementInstance","Parent":"75f90636-2fd1-4a9f-bf70-ba1823566520","Transform":{"Matrix":{"Components":[-0.99958949001309683,0.0,0.028650505324637789,-7.4775655200147337,0.028650505324637789,0.0,0.99958949001309683,4.2114310372402173,0.0,1.0,0.0,0.0]}},"Id":"7f6a28ce-fbc9-401c-80c9-c9312a0fa142","Name":null},"57c67298-e909-4b88-8909-af6eef4af7b8":{"discriminator":"Elements.ElementInstance","Parent":"4639ac98-5b8d-4fe2-931f-9165bef50105","Transform":{"Matrix":{"Components":[-0.99958949001309683,0.0,0.028650505324637789,-9.7266418725442012,0.028650505324637789,0.0,0.99958949001309683,4.2758946742206527,0.0,1.0,0.0,0.0]}},"Id":"57c67298-e909-4b88-8909-af6eef4af7b8","Name":null},"bd39bf87-1559-42b1-b55f-7ffa65f50166":{"discriminator":"Elements.ElementInstance","Parent":"75f90636-2fd1-4a9f-bf70-ba1823566520","Transform":{"Matrix":{"Components":[-0.99958949001309683,0.0,0.028650505324637789,-9.7266418725442012,0.028650505324637789,0.0,0.99958949001309683,4.2758946742206527,0.0,1.0,0.0,0.0]}},"Id":"bd39bf87-1559-42b1-b55f-7ffa65f50166","Name":null},"5bfeb43c-70b0-4e42-ba74-1fd1c248060d":{"discriminator":"Elements.ElementInstance","Parent":"4639ac98-5b8d-4fe2-931f-9165bef50105","Transform":{"Matrix":{"Components":[-0.99958949001309683,0.0,0.028650505324637789,-11.97571822507367,0.028650505324637789,0.0,0.99958949001309683,4.3403583112010873,0.0,1.0,0.0,0.0]}},"Id":"5bfeb43c-70b0-4e42-ba74-1fd1c248060d","Name":null},"70de1502-9dff-498c-a9eb-8c73dc21b65d":{"discriminator":"Elements.ElementInstance","Parent":"75f90636-2fd1-4a9f-bf70-ba1823566520","Transform":{"Matrix":{"Components":[-0.99958949001309683,0.0,0.028650505324637789,-11.97571822507367,0.028650505324637789,0.0,0.99958949001309683,4.3403583112010873,0.0,1.0,0.0,0.0]}},"Id":"70de1502-9dff-498c-a9eb-8c73dc21b65d","Name":null},"e4f973d1-31e5-402e-9a9d-e44a7d31d5b0":{"discriminator":"Elements.ElementInstance","Parent":"4639ac98-5b8d-4fe2-931f-9165bef50105","Transform":{"Matrix":{"Components":[-0.99958949001309683,0.0,0.028650505324637789,-14.224794577603138,0.028650505324637789,0.0,0.99958949001309683,4.4048219481815227,0.0,1.0,0.0,0.0]}},"Id":"e4f973d1-31e5-402e-9a9d-e44a7d31d5b0","Name":null},"ee6b3dfe-c735-4b2e-88b9-5e4216f2f8b5":{"discriminator":"Elements.ElementInstance","Parent":"75f90636-2fd1-4a9f-bf70-ba1823566520","Transform":{"Matrix":{"Components":[-0.99958949001309683,0.0,0.028650505324637789,-14.224794577603138,0.028650505324637789,0.0,0.99958949001309683,4.4048219481815227,0.0,1.0,0.0,0.0]}},"Id":"ee6b3dfe-c735-4b2e-88b9-5e4216f2f8b5","Name":null},"e0d46220-c071-478b-b9a3-1e8ecf6cdcff":{"discriminator":"Elements.Geometry.Profile","Perimeter":{"discriminator":"Elements.Geometry.Polygon","Vertices":[{"X":0.00037434180688052175,"Y":0.0099929909542449524,"Z":0.0},{"X":0.3217854153582087,"Y":0.0099929909542449524,"Z":0.0},{"X":0.3217854153582087,"Y":8.5900070090457543,"Z":0.0},{"X":0.00037434180688052175,"Y":8.5900070090457543,"Z":0.0}]},"Voids":null,"Id":"e0d46220-c071-478b-b9a3-1e8ecf6cdcff","Name":null},"171f1b3d-4b2b-420a-8143-9de4fb9631a3":{"discriminator":"Elements.FacadePanel","Thickness":0.1,"Transform":{"Matrix":{"Components":[-0.99958949001309683,0.0,0.028650505324637789,-16.473870930132605,0.028650505324637789,0.0,0.99958949001309683,4.4692855851619573,0.0,1.0,0.0,0.0]}},"Material":"066a7cd0-adb9-4b93-bd86-1c60e78f8148","Representation":{"SolidOperations":[{"discriminator":"Elements.Geometry.Solids.Extrude","Profile":"e0d46220-c071-478b-b9a3-1e8ecf6cdcff","Height":0.1,"Direction":{"X":0.0,"Y":0.0,"Z":1.0},"IsVoid":false}]},"Id":"171f1b3d-4b2b-420a-8143-9de4fb9631a3","Name":"FP_0_10"},"39fbab11-7c01-4928-bf83-5e6d998b2035":{"discriminator":"Elements.Geometry.Profile","Perimeter":{"discriminator":"Elements.Geometry.Polygon","Vertices":[{"X":0.001210620145827495,"Y":0.0099264494590219216,"Z":0.0},{"X":1.0476370365209613,"Y":0.0099264494590219216,"Z":0.0},{"X":1.0476370365209613,"Y":8.5900735505409784,"Z":0.0},{"X":0.001210620145827495,"Y":8.5900735505409784,"Z":0.0}]},"Voids":null,"Id":"39fbab11-7c01-4928-bf83-5e6d998b2035","Name":null},"25bca56b-1c5f-49e6-9cd3-676ea6e6f46e":{"discriminator":"Elements.FacadePanel","Thickness":0.1,"Transform":{"Matrix":{"Components":[-0.69882789056458217,0.0,0.7152898568895385,-16.7958984375,0.7152898568895385,0.0,0.69882789056458217,4.478515625,0.0,1.0,0.0,0.0]}},"Material":"066a7cd0-adb9-4b93-bd86-1c60e78f8148","Representation":{"SolidOperations":[{"discriminator":"Elements.Geometry.Solids.Extrude","Profile":"39fbab11-7c01-4928-bf83-5e6d998b2035","Height":0.1,"Direction":{"X":0.0,"Y":0.0,"Z":1.0},"IsVoid":false}]},"Id":"25bca56b-1c5f-49e6-9cd3-676ea6e6f46e","Name":"FP_0_0"},"8a43ba6b-18c6-4adc-bd3d-20533c97d403":{"discriminator":"Elements.Geometry.Profile","Perimeter":{"discriminator":"Elements.Geometry.Polygon","Vertices":[{"X":0.00253108736308798,"Y":0.0096743783655807228,"Z":0.0},{"X":2.2474689126369118,"Y":0.0096743783655807228,"Z":0.0},{"X":2.2474689126369118,"Y":8.5903256216344186,"Z":0.0},{"X":0.00253108736308798,"Y":8.5903256216344186,"Z":0.0}]},"Voids":[{"discriminator":"Elements.Geometry.Polygon","Vertices":[{"X":0.51,"Y":8.09,"Z":0.0},{"X":1.74,"Y":8.09,"Z":0.0},{"X":1.74,"Y":0.51,"Z":0.0},{"X":0.51,"Y":0.51,"Z":0.0}]}],"Id":"8a43ba6b-18c6-4adc-bd3d-20533c97d403","Name":null},"13221794-d117-48a8-9484-06fb492b4b04":{"discriminator":"Elements.FacadePanel","Thickness":0.1,"Transform":{"Matrix":{"Components":[-0.69882789056458217,0.0,0.7152898568895385,-17.528862432932058,0.7152898568895385,0.0,0.69882789056458217,5.2287457152361139,0.0,1.0,0.0,0.0]}},"Material":"066a7cd0-adb9-4b93-bd86-1c60e78f8148","Representation":{"SolidOperations":[{"discriminator":"Elements.Geometry.Solids.Extrude","Profile":"8a43ba6b-18c6-4adc-bd3d-20533c97d403","Height":0.1,"Direction":{"X":0.0,"Y":0.0,"Z":1.0},"IsVoid":false}]},"Id":"13221794-d117-48a8-9484-06fb492b4b04","Name":"FP_0"},"48b62ec3-fa09-4dcc-96c6-757542d2b557":{"discriminator":"Elements.Panel","Perimeter":{"discriminator":"Elements.Geometry.Polygon","Vertices":[{"X":0.51,"Y":8.09,"Z":0.0},{"X":1.74,"Y":8.09,"Z":0.0},{"X":1.74,"Y":0.51,"Z":0.0},{"X":0.51,"Y":0.51,"Z":0.0}]},"Transform":{"Matrix":{"Components":[-0.69882789056458217,0.0,0.7152898568895385,-17.528862432932058,0.7152898568895385,0.0,0.69882789056458217,5.2287457152361139,0.0,1.0,0.0,0.0]}},"Material":"16f20536-9cf8-4cdd-90bb-87185914f092","Representation":{"SolidOperations":[{"discriminator":"Elements.Geometry.Solids.Lamina","Perimeter":{"discriminator":"Elements.Geometry.Polygon","Vertices":[{"X":0.51,"Y":8.09,"Z":0.0},{"X":1.74,"Y":8.09,"Z":0.0},{"X":1.74,"Y":0.51,"Z":0.0},{"X":0.51,"Y":0.51,"Z":0.0}]},"IsVoid":false}]},"Id":"48b62ec3-fa09-4dcc-96c6-757542d2b557","Name":null},"bd4ecbb3-0bd2-4de9-acd2-f316391091b0":{"discriminator":"Elements.ElementInstance","Parent":"13221794-d117-48a8-9484-06fb492b4b04","Transform":{"Matrix":{"Components":[-0.69882789056458217,0.0,0.7152898568895385,-19.101225186702369,0.7152898568895385,0.0,0.69882789056458217,6.8381478932375757,0.0,1.0,0.0,0.0]}},"Id":"bd4ecbb3-0bd2-4de9-acd2-f316391091b0","Name":null},"3e6ee36e-591f-47fd-a739-b9dae159bb26":{"discriminator":"Elements.ElementInstance","Parent":"48b62ec3-fa09-4dcc-96c6-757542d2b557","Transform":{"Matrix":{"Components":[-0.69882789056458217,0.0,0.7152898568895385,-19.101225186702369,0.7152898568895385,0.0,0.69882789056458217,6.8381478932375757,0.0,1.0,0.0,0.0]}},"Id":"3e6ee36e-591f-47fd-a739-b9dae159bb26","Name":null},"a4717f29-d673-4f47-b71c-ac6f98495146":{"discriminator":"Elements.ElementInstance","Parent":"13221794-d117-48a8-9484-06fb492b4b04","Transform":{"Matrix":{"Components":[-0.69882789056458217,0.0,0.7152898568895385,-20.673587940472679,0.7152898568895385,0.0,0.69882789056458217,8.4475500712390375,0.0,1.0,0.0,0.0]}},"Id":"a4717f29-d673-4f47-b71c-ac6f98495146","Name":null},"d9a9aae9-6880-4868-9736-e3cf094e57c3":{"discriminator":"Elements.ElementInstance","Parent":"48b62ec3-fa09-4dcc-96c6-757542d2b557","Transform":{"Matrix":{"Components":[-0.69882789056458217,0.0,0.7152898568895385,-20.673587940472679,0.7152898568895385,0.0,0.69882789056458217,8.4475500712390375,0.0,1.0,0.0,0.0]}},"Id":"d9a9aae9-6880-4868-9736-e3cf094e57c3","Name":null},"0bf5bc5d-12fc-4615-b81e-1d992483a622":{"discriminator":"Elements.ElementInstance","Parent":"13221794-d117-48a8-9484-06fb492b4b04","Transform":{"Matrix":{"Components":[-0.69882789056458217,0.0,0.7152898568895385,-22.245950694242989,0.7152898568895385,0.0,0.69882789056458217,10.0569522492405,0.0,1.0,0.0,0.0]}},"Id":"0bf5bc5d-12fc-4615-b81e-1d992483a622","Name":null},"9b5cf6a6-d0ae-4392-94e2-073e08f28800":{"discriminator":"Elements.ElementInstance","Parent":"48b62ec3-fa09-4dcc-96c6-757542d2b557","Transform":{"Matrix":{"Components":[-0.69882789056458217,0.0,0.7152898568895385,-22.245950694242989,0.7152898568895385,0.0,0.69882789056458217,10.0569522492405,0.0,1.0,0.0,0.0]}},"Id":"9b5cf6a6-d0ae-4392-94e2-073e08f28800","Name":null},"eef8f154-4a7c-4cbc-bcf9-d0634d0e5795":{"discriminator":"Elements.ElementInstance","Parent":"13221794-d117-48a8-9484-06fb492b4b04","Transform":{"Matrix":{"Components":[-0.69882789056458217,0.0,0.7152898568895385,-23.8183134480133,0.7152898568895385,0.0,0.69882789056458217,11.666354427241959,0.0,1.0,0.0,0.0]}},"Id":"eef8f154-4a7c-4cbc-bcf9-d0634d0e5795","Name":null},"acebecb1-a32c-4b26-b197-71ab0238453b":{"discriminator":"Elements.ElementInstance","Parent":"48b62ec3-fa09-4dcc-96c6-757542d2b557","Transform":{"Matrix":{"Components":[-0.69882789056458217,0.0,0.7152898568895385,-23.8183134480133,0.7152898568895385,0.0,0.69882789056458217,11.666354427241959,0.0,1.0,0.0,0.0]}},"Id":"acebecb1-a32c-4b26-b197-71ab0238453b","Name":null},"0be42387-68bb-4d3c-8498-7cc8a9ad27ed":{"discriminator":"Elements.ElementInstance","Parent":"13221794-d117-48a8-9484-06fb492b4b04","Transform":{"Matrix":{"Components":[-0.69882789056458217,0.0,0.7152898568895385,-25.390676201783606,0.7152898568895385,0.0,0.69882789056458217,13.275756605243423,0.0,1.0,0.0,0.0]}},"Id":"0be42387-68bb-4d3c-8498-7cc8a9ad27ed","Name":null},"2ef2ffe8-5f85-4cf4-a5a1-9721c20a4732":{"discriminator":"Elements.ElementInstance","Parent":"48b62ec3-fa09-4dcc-96c6-757542d2b557","Transform":{"Matrix":{"Components":[-0.69882789056458217,0.0,0.7152898568895385,-25.390676201783606,0.7152898568895385,0.0,0.69882789056458217,13.275756605243423,0.0,1.0,0.0,0.0]}},"Id":"2ef2ffe8-5f85-4cf4-a5a1-9721c20a4732","Name":null},"c2fe7d31-0fd2-4224-8805-fc3dbc99c4bd":{"discriminator":"Elements.ElementInstance","Parent":"13221794-d117-48a8-9484-06fb492b4b04","Transform":{"Matrix":{"Components":[-0.69882789056458217,0.0,0.7152898568895385,-26.96303895555392,0.7152898568895385,0.0,0.69882789056458217,14.885158783244883,0.0,1.0,0.0,0.0]}},"Id":"c2fe7d31-0fd2-4224-8805-fc3dbc99c4bd","Name":null},"f6f195d9-cbdd-4136-9ba4-03b9192a8b86":{"discriminator":"Elements.ElementInstance","Parent":"48b62ec3-fa09-4dcc-96c6-757542d2b557","Transform":{"Matrix":{"Components":[-0.69882789056458217,0.0,0.7152898568895385,-26.96303895555392,0.7152898568895385,0.0,0.69882789056458217,14.885158783244883,0.0,1.0,0.0,0.0]}},"Id":"f6f195d9-cbdd-4136-9ba4-03b9192a8b86","Name":null},"b794f170-c0a3-4ae7-a57d-81363192e141":{"discriminator":"Elements.ElementInstance","Parent":"13221794-d117-48a8-9484-06fb492b4b04","Transform":{"Matrix":{"Components":[-0.69882789056458217,0.0,0.7152898568895385,-28.535401709324226,0.7152898568895385,0.0,0.69882789056458217,16.494560961246343,0.0,1.0,0.0,0.0]}},"Id":"b794f170-c0a3-4ae7-a57d-81363192e141","Name":null},"e48df19c-7faf-4fa2-affe-b399ee8ab91a":{"discriminator":"Elements.ElementInstance","Parent":"48b62ec3-fa09-4dcc-96c6-757542d2b557","Transform":{"Matrix":{"Components":[-0.69882789056458217,0.0,0.7152898568895385,-28.535401709324226,0.7152898568895385,0.0,0.69882789056458217,16.494560961246343,0.0,1.0,0.0,0.0]}},"Id":"e48df19c-7faf-4fa2-affe-b399ee8ab91a","Name":null},"7043d178-5e5d-4453-b1d4-d538e81f5842":{"discriminator":"Elements.ElementInstance","Parent":"13221794-d117-48a8-9484-06fb492b4b04","Transform":{"Matrix":{"Components":[-0.69882789056458217,0.0,0.7152898568895385,-30.107764463094536,0.7152898568895385,0.0,0.69882789056458217,18.103963139247806,0.0,1.0,0.0,0.0]}},"Id":"7043d178-5e5d-4453-b1d4-d538e81f5842","Name":null},"d64519bc-a019-4da9-bafe-f247e62ad2f1":{"discriminator":"Elements.ElementInstance","Parent":"48b62ec3-fa09-4dcc-96c6-757542d2b557","Transform":{"Matrix":{"Components":[-0.69882789056458217,0.0,0.7152898568895385,-30.107764463094536,0.7152898568895385,0.0,0.69882789056458217,18.103963139247806,0.0,1.0,0.0,0.0]}},"Id":"d64519bc-a019-4da9-bafe-f247e62ad2f1","Name":null},"89eb6a9c-5e34-49bf-8337-1adbf228d4e7":{"discriminator":"Elements.ElementInstance","Parent":"13221794-d117-48a8-9484-06fb492b4b04","Transform":{"Matrix":{"Components":[-0.69882789056458217,0.0,0.7152898568895385,-31.680127216864847,0.7152898568895385,0.0,0.69882789056458217,19.71336531724927,0.0,1.0,0.0,0.0]}},"Id":"89eb6a9c-5e34-49bf-8337-1adbf228d4e7","Name":null},"595e18c9-7664-4856-9af2-b1f17363a581":{"discriminator":"Elements.ElementInstance","Parent":"48b62ec3-fa09-4dcc-96c6-757542d2b557","Transform":{"Matrix":{"Components":[-0.69882789056458217,0.0,0.7152898568895385,-31.680127216864847,0.7152898568895385,0.0,0.69882789056458217,19.71336531724927,0.0,1.0,0.0,0.0]}},"Id":"595e18c9-7664-4856-9af2-b1f17363a581","Name":null},"f9b5b47a-58ee-4c1e-961b-8a6c4a729669":{"discriminator":"Elements.ElementInstance","Parent":"13221794-d117-48a8-9484-06fb492b4b04","Transform":{"Matrix":{"Components":[-0.69882789056458217,0.0,0.7152898568895385,-33.252489970635153,0.7152898568895385,0.0,0.69882789056458217,21.32276749525073,0.0,1.0,0.0,0.0]}},"Id":"f9b5b47a-58ee-4c1e-961b-8a6c4a729669","Name":null},"80481e4e-727a-4b29-8efc-d5b219f9af09":{"discriminator":"Elements.ElementInstance","Parent":"48b62ec3-fa09-4dcc-96c6-757542d2b557","Transform":{"Matrix":{"Components":[-0.69882789056458217,0.0,0.7152898568895385,-33.252489970635153,0.7152898568895385,0.0,0.69882789056458217,21.32276749525073,0.0,1.0,0.0,0.0]}},"Id":"80481e4e-727a-4b29-8efc-d5b219f9af09","Name":null},"e7dd4c76-f6f3-4cbd-8c62-6be514461240":{"discriminator":"Elements.ElementInstance","Parent":"13221794-d117-48a8-9484-06fb492b4b04","Transform":{"Matrix":{"Components":[-0.69882789056458217,0.0,0.7152898568895385,-34.824852724405467,0.7152898568895385,0.0,0.69882789056458217,22.93216967325219,0.0,1.0,0.0,0.0]}},"Id":"e7dd4c76-f6f3-4cbd-8c62-6be514461240","Name":null},"ce214587-15a4-40a1-8080-2f793449b58a":{"discriminator":"Elements.ElementInstance","Parent":"48b62ec3-fa09-4dcc-96c6-757542d2b557","Transform":{"Matrix":{"Components":[-0.69882789056458217,0.0,0.7152898568895385,-34.824852724405467,0.7152898568895385,0.0,0.69882789056458217,22.93216967325219,0.0,1.0,0.0,0.0]}},"Id":"ce214587-15a4-40a1-8080-2f793449b58a","Name":null},"f5be9c08-5758-449a-84ba-fabae8c37475":{"discriminator":"Elements.ElementInstance","Parent":"13221794-d117-48a8-9484-06fb492b4b04","Transform":{"Matrix":{"Components":[-0.69882789056458217,0.0,0.7152898568895385,-36.397215478175781,0.7152898568895385,0.0,0.69882789056458217,24.54157185125365,0.0,1.0,0.0,0.0]}},"Id":"f5be9c08-5758-449a-84ba-fabae8c37475","Name":null},"ec196f22-6c31-4879-92fa-fd104f351546":{"discriminator":"Elements.ElementInstance","Parent":"48b62ec3-fa09-4dcc-96c6-757542d2b557","Transform":{"Matrix":{"Components":[-0.69882789056458217,0.0,0.7152898568895385,-36.397215478175781,0.7152898568895385,0.0,0.69882789056458217,24.54157185125365,0.0,1.0,0.0,0.0]}},"Id":"ec196f22-6c31-4879-92fa-fd104f351546","Name":null},"8590a4e7-c0ef-4c69-9e91-2eae9c193e22":{"discriminator":"Elements.ElementInstance","Parent":"13221794-d117-48a8-9484-06fb492b4b04","Transform":{"Matrix":{"Components":[-0.69882789056458217,0.0,0.7152898568895385,-37.969578231946087,0.7152898568895385,0.0,0.69882789056458217,26.150974029255117,0.0,1.0,0.0,0.0]}},"Id":"8590a4e7-c0ef-4c69-9e91-2eae9c193e22","Name":null},"bf2280ed-0462-47b7-b15c-1eef53beb4e0":{"discriminator":"Elements.ElementInstance","Parent":"48b62ec3-fa09-4dcc-96c6-757542d2b557","Transform":{"Matrix":{"Components":[-0.69882789056458217,0.0,0.7152898568895385,-37.969578231946087,0.7152898568895385,0.0,0.69882789056458217,26.150974029255117,0.0,1.0,0.0,0.0]}},"Id":"bf2280ed-0462-47b7-b15c-1eef53beb4e0","Name":null},"1f6d8dca-ed90-4e85-b918-53fa433f8a44":{"discriminator":"Elements.ElementInstance","Parent":"13221794-d117-48a8-9484-06fb492b4b04","Transform":{"Matrix":{"Components":[-0.69882789056458217,0.0,0.7152898568895385,-39.541940985716394,0.7152898568895385,0.0,0.69882789056458217,27.760376207256577,0.0,1.0,0.0,0.0]}},"Id":"1f6d8dca-ed90-4e85-b918-53fa433f8a44","Name":null},"6d9b1eb7-cb48-49b5-8b20-89045904276f":{"discriminator":"Elements.ElementInstance","Parent":"48b62ec3-fa09-4dcc-96c6-757542d2b557","Transform":{"Matrix":{"Components":[-0.69882789056458217,0.0,0.7152898568895385,-39.541940985716394,0.7152898568895385,0.0,0.69882789056458217,27.760376207256577,0.0,1.0,0.0,0.0]}},"Id":"6d9b1eb7-cb48-49b5-8b20-89045904276f","Name":null},"f4afae2a-03a4-4b78-a677-d164ed773344":{"discriminator":"Elements.ElementInstance","Parent":"13221794-d117-48a8-9484-06fb492b4b04","Transform":{"Matrix":{"Components":[-0.69882789056458217,0.0,0.7152898568895385,-41.114303739486708,0.7152898568895385,0.0,0.69882789056458217,29.369778385258037,0.0,1.0,0.0,0.0]}},"Id":"f4afae2a-03a4-4b78-a677-d164ed773344","Name":null},"32d61357-9310-42be-8acc-70eca390e827":{"discriminator":"Elements.ElementInstance","Parent":"48b62ec3-fa09-4dcc-96c6-757542d2b557","Transform":{"Matrix":{"Components":[-0.69882789056458217,0.0,0.7152898568895385,-41.114303739486708,0.7152898568895385,0.0,0.69882789056458217,29.369778385258037,0.0,1.0,0.0,0.0]}},"Id":"32d61357-9310-42be-8acc-70eca390e827","Name":null},"5996459c-3c67-4adf-bacf-fe39aa7a024c":{"discriminator":"Elements.ElementInstance","Parent":"13221794-d117-48a8-9484-06fb492b4b04","Transform":{"Matrix":{"Components":[-0.69882789056458217,0.0,0.7152898568895385,-42.686666493257015,0.7152898568895385,0.0,0.69882789056458217,30.979180563259497,0.0,1.0,0.0,0.0]}},"Id":"5996459c-3c67-4adf-bacf-fe39aa7a024c","Name":null},"5f18a0af-dbbf-43f8-976e-58c70087e1bb":{"discriminator":"Elements.ElementInstance","Parent":"48b62ec3-fa09-4dcc-96c6-757542d2b557","Transform":{"Matrix":{"Components":[-0.69882789056458217,0.0,0.7152898568895385,-42.686666493257015,0.7152898568895385,0.0,0.69882789056458217,30.979180563259497,0.0,1.0,0.0,0.0]}},"Id":"5f18a0af-dbbf-43f8-976e-58c70087e1bb","Name":null},"8dc89af7-f29f-402b-b251-57551babc5c2":{"discriminator":"Elements.ElementInstance","Parent":"13221794-d117-48a8-9484-06fb492b4b04","Transform":{"Matrix":{"Components":[-0.69882789056458217,0.0,0.7152898568895385,-44.259029247027328,0.7152898568895385,0.0,0.69882789056458217,32.588582741260964,0.0,1.0,0.0,0.0]}},"Id":"8dc89af7-f29f-402b-b251-57551babc5c2","Name":null},"957f133b-af4a-4295-8b2a-9bac81bc1d28":{"discriminator":"Elements.ElementInstance","Parent":"48b62ec3-fa09-4dcc-96c6-757542d2b557","Transform":{"Matrix":{"Components":[-0.69882789056458217,0.0,0.7152898568895385,-44.259029247027328,0.7152898568895385,0.0,0.69882789056458217,32.588582741260964,0.0,1.0,0.0,0.0]}},"Id":"957f133b-af4a-4295-8b2a-9bac81bc1d28","Name":null},"00be4064-0d30-4d38-b866-76281a98be76":{"discriminator":"Elements.ElementInstance","Parent":"13221794-d117-48a8-9484-06fb492b4b04","Transform":{"Matrix":{"Components":[-0.69882789056458217,0.0,0.7152898568895385,-45.831392000797635,0.7152898568895385,0.0,0.69882789056458217,34.197984919262424,0.0,1.0,0.0,0.0]}},"Id":"00be4064-0d30-4d38-b866-76281a98be76","Name":null},"8c741c8c-b76c-4e5f-9ef8-df9272b17b15":{"discriminator":"Elements.ElementInstance","Parent":"48b62ec3-fa09-4dcc-96c6-757542d2b557","Transform":{"Matrix":{"Components":[-0.69882789056458217,0.0,0.7152898568895385,-45.831392000797635,0.7152898568895385,0.0,0.69882789056458217,34.197984919262424,0.0,1.0,0.0,0.0]}},"Id":"8c741c8c-b76c-4e5f-9ef8-df9272b17b15","Name":null},"707c80cd-93c5-4d9b-8598-e968ea6aadcf":{"discriminator":"Elements.Geometry.Profile","Perimeter":{"discriminator":"Elements.Geometry.Polygon","Vertices":[{"X":0.0012106201458274965,"Y":0.0099264494590219216,"Z":0.0},{"X":1.0476370365209626,"Y":0.0099264494590219216,"Z":0.0},{"X":1.0476370365209626,"Y":8.5900735505409784,"Z":0.0},{"X":0.0012106201458274965,"Y":8.5900735505409784,"Z":0.0}]},"Voids":null,"Id":"707c80cd-93c5-4d9b-8598-e968ea6aadcf","Name":null},"df6fd012-4654-4935-9cd8-4c062eb948a8":{"discriminator":"Elements.FacadePanel","Thickness":0.1,"Transform":{"Matrix":{"Components":[-0.69882789056458217,0.0,0.7152898568895385,-47.403754754567942,0.7152898568895385,0.0,0.69882789056458217,35.807387097263884,0.0,1.0,0.0,0.0]}},"Material":"066a7cd0-adb9-4b93-bd86-1c60e78f8148","Representation":{"SolidOperations":[{"discriminator":"Elements.Geometry.Solids.Extrude","Profile":"707c80cd-93c5-4d9b-8598-e968ea6aadcf","Height":0.1,"Direction":{"X":0.0,"Y":0.0,"Z":1.0},"IsVoid":false}]},"Id":"df6fd012-4654-4935-9cd8-4c062eb948a8","Name":"FP_0_20"},"e0793932-8965-4b0e-ba29-d16c7ee05776":{"discriminator":"Elements.Geometry.Profile","Perimeter":{"discriminator":"Elements.Geometry.Polygon","Vertices":[{"X":0.0011553542335273374,"Y":0.0099330336048495515,"Z":0.0},{"X":0.999147957282914,"Y":0.0099330336048495515,"Z":0.0},{"X":0.999147957282914,"Y":8.59006696639515,"Z":0.0},{"X":0.0011553542335273374,"Y":8.59006696639515,"Z":0.0}]},"Voids":null,"Id":"e0793932-8965-4b0e-ba29-d16c7ee05776","Name":null},"b0da53ac-82fc-4d4e-8e3e-ab05f69826a2":{"discriminator":"Elements.FacadePanel","Thickness":0.1,"Transform":{"Matrix":{"Components":[-0.71531033506375474,0.0,-0.69880692938105515,-48.13671875,-0.69880692938105515,0.0,0.71531033506375474,36.5576171875,0.0,1.0,0.0,0.0]}},"Material":"066a7cd0-adb9-4b93-bd86-1c60e78f8148","Representation":{"SolidOperations":[{"discriminator":"Elements.Geometry.Solids.Extrude","Profile":"e0793932-8965-4b0e-ba29-d16c7ee05776","Height":0.1,"Direction":{"X":0.0,"Y":0.0,"Z":1.0},"IsVoid":false}]},"Id":"b0da53ac-82fc-4d4e-8e3e-ab05f69826a2","Name":"FP_0_0"},"8e4df222-fea2-40cb-9de1-3c5305c5e663":{"discriminator":"Elements.Geometry.Profile","Perimeter":{"discriminator":"Elements.Geometry.Polygon","Vertices":[{"X":0.00253108736308798,"Y":0.0096743783655807228,"Z":0.0},{"X":2.2474689126369118,"Y":0.0096743783655807228,"Z":0.0},{"X":2.2474689126369118,"Y":8.5903256216344186,"Z":0.0},{"X":0.00253108736308798,"Y":8.5903256216344186,"Z":0.0}]},"Voids":[{"discriminator":"Elements.Geometry.Polygon","Vertices":[{"X":0.51,"Y":8.09,"Z":0.0},{"X":1.74,"Y":8.09,"Z":0.0},{"X":1.74,"Y":0.51,"Z":0.0},{"X":0.51,"Y":0.51,"Z":0.0}]}],"Id":"8e4df222-fea2-40cb-9de1-3c5305c5e663","Name":null},"db1371b2-5780-4538-8e52-14ea0926d6ff":{"discriminator":"Elements.FacadePanel","Thickness":0.1,"Transform":{"Matrix":{"Components":[-0.71531033506375474,0.0,-0.69880692938105515,-48.852246046926211,-0.69880692938105515,0.0,0.71531033506375474,35.8585983019295,0.0,1.0,0.0,0.0]}},"Material":"066a7cd0-adb9-4b93-bd86-1c60e78f8148","Representation":{"SolidOperations":[{"discriminator":"Elements.Geometry.Solids.Extrude","Profile":"8e4df222-fea2-40cb-9de1-3c5305c5e663","Height":0.1,"Direction":{"X":0.0,"Y":0.0,"Z":1.0},"IsVoid":false}]},"Id":"db1371b2-5780-4538-8e52-14ea0926d6ff","Name":"FP_0"},"866dfdb9-4551-48a5-a128-f2beac33ee7d":{"discriminator":"Elements.Panel","Perimeter":{"discriminator":"Elements.Geometry.Polygon","Vertices":[{"X":0.51,"Y":8.09,"Z":0.0},{"X":1.74,"Y":8.09,"Z":0.0},{"X":1.74,"Y":0.51,"Z":0.0},{"X":0.51,"Y":0.51,"Z":0.0}]},"Transform":{"Matrix":{"Components":[-0.71531033506375474,0.0,-0.69880692938105515,-48.852246046926211,-0.69880692938105515,0.0,0.71531033506375474,35.8585983019295,0.0,1.0,0.0,0.0]}},"Material":"16f20536-9cf8-4cdd-90bb-87185914f092","Representation":{"SolidOperations":[{"discriminator":"Elements.Geometry.Solids.Lamina","Perimeter":{"discriminator":"Elements.Geometry.Polygon","Vertices":[{"X":0.51,"Y":8.09,"Z":0.0},{"X":1.74,"Y":8.09,"Z":0.0},{"X":1.74,"Y":0.51,"Z":0.0},{"X":0.51,"Y":0.51,"Z":0.0}]},"IsVoid":false}]},"Id":"866dfdb9-4551-48a5-a128-f2beac33ee7d","Name":null},"b601158a-c416-4d15-b709-8f983178ba58":{"discriminator":"Elements.ElementInstance","Parent":"db1371b2-5780-4538-8e52-14ea0926d6ff","Transform":{"Matrix":{"Components":[-0.71531033506375474,0.0,-0.69880692938105515,-50.461694300819659,-0.69880692938105515,0.0,0.71531033506375474,34.286282710822121,0.0,1.0,0.0,0.0]}},"Id":"b601158a-c416-4d15-b709-8f983178ba58","Name":null},"7615ce15-5f55-49e4-8fa9-b12ed67fd986":{"discriminator":"Elements.ElementInstance","Parent":"866dfdb9-4551-48a5-a128-f2beac33ee7d","Transform":{"Matrix":{"Components":[-0.71531033506375474,0.0,-0.69880692938105515,-50.461694300819659,-0.69880692938105515,0.0,0.71531033506375474,34.286282710822121,0.0,1.0,0.0,0.0]}},"Id":"7615ce15-5f55-49e4-8fa9-b12ed67fd986","Name":null},"c63e0da5-8c8a-4c51-a14d-c06b9a333a0e":{"discriminator":"Elements.ElementInstance","Parent":"db1371b2-5780-4538-8e52-14ea0926d6ff","Transform":{"Matrix":{"Components":[-0.71531033506375474,0.0,-0.69880692938105515,-52.071142554713106,-0.69880692938105515,0.0,0.71531033506375474,32.713967119714752,0.0,1.0,0.0,0.0]}},"Id":"c63e0da5-8c8a-4c51-a14d-c06b9a333a0e","Name":null},"1c4d45d3-bfe9-4719-81ab-6396b50cd491":{"discriminator":"Elements.ElementInstance","Parent":"866dfdb9-4551-48a5-a128-f2beac33ee7d","Transform":{"Matrix":{"Components":[-0.71531033506375474,0.0,-0.69880692938105515,-52.071142554713106,-0.69880692938105515,0.0,0.71531033506375474,32.713967119714752,0.0,1.0,0.0,0.0]}},"Id":"1c4d45d3-bfe9-4719-81ab-6396b50cd491","Name":null},"986deb2b-4825-49cf-8395-f24073b88527":{"discriminator":"Elements.ElementInstance","Parent":"db1371b2-5780-4538-8e52-14ea0926d6ff","Transform":{"Matrix":{"Components":[-0.71531033506375474,0.0,-0.69880692938105515,-53.680590808606553,-0.69880692938105515,0.0,0.71531033506375474,31.141651528607376,0.0,1.0,0.0,0.0]}},"Id":"986deb2b-4825-49cf-8395-f24073b88527","Name":null},"af98e396-5fc6-420e-99d8-0c8cb0b7caae":{"discriminator":"Elements.ElementInstance","Parent":"866dfdb9-4551-48a5-a128-f2beac33ee7d","Transform":{"Matrix":{"Components":[-0.71531033506375474,0.0,-0.69880692938105515,-53.680590808606553,-0.69880692938105515,0.0,0.71531033506375474,31.141651528607376,0.0,1.0,0.0,0.0]}},"Id":"af98e396-5fc6-420e-99d8-0c8cb0b7caae","Name":null},"83e026f7-f0e6-460c-b6b2-1aa91c88e0eb":{"discriminator":"Elements.ElementInstance","Parent":"db1371b2-5780-4538-8e52-14ea0926d6ff","Transform":{"Matrix":{"Components":[-0.71531033506375474,0.0,-0.69880692938105515,-55.2900390625,-0.69880692938105515,0.0,0.71531033506375474,29.5693359375,0.0,1.0,0.0,0.0]}},"Id":"83e026f7-f0e6-460c-b6b2-1aa91c88e0eb","Name":null},"ccb7ea94-0bce-4342-8b2e-9e75ddf391cd":{"discriminator":"Elements.ElementInstance","Parent":"866dfdb9-4551-48a5-a128-f2beac33ee7d","Transform":{"Matrix":{"Components":[-0.71531033506375474,0.0,-0.69880692938105515,-55.2900390625,-0.69880692938105515,0.0,0.71531033506375474,29.5693359375,0.0,1.0,0.0,0.0]}},"Id":"ccb7ea94-0bce-4342-8b2e-9e75ddf391cd","Name":null},"3b27d5dc-ea53-4f02-9d5e-ad997f442226":{"discriminator":"Elements.ElementInstance","Parent":"db1371b2-5780-4538-8e52-14ea0926d6ff","Transform":{"Matrix":{"Components":[-0.71531033506375474,0.0,-0.69880692938105515,-56.899487316393447,-0.69880692938105515,0.0,0.71531033506375474,27.997020346392627,0.0,1.0,0.0,0.0]}},"Id":"3b27d5dc-ea53-4f02-9d5e-ad997f442226","Name":null},"b0b75082-c0e7-409b-a284-71c172d7c47e":{"discriminator":"Elements.ElementInstance","Parent":"866dfdb9-4551-48a5-a128-f2beac33ee7d","Transform":{"Matrix":{"Components":[-0.71531033506375474,0.0,-0.69880692938105515,-56.899487316393447,-0.69880692938105515,0.0,0.71531033506375474,27.997020346392627,0.0,1.0,0.0,0.0]}},"Id":"b0b75082-c0e7-409b-a284-71c172d7c47e","Name":null},"c68196b0-04ed-4d3f-9237-92e3ed3a600a":{"discriminator":"Elements.ElementInstance","Parent":"db1371b2-5780-4538-8e52-14ea0926d6ff","Transform":{"Matrix":{"Components":[-0.71531033506375474,0.0,-0.69880692938105515,-58.5089355702869,-0.69880692938105515,0.0,0.71531033506375474,26.424704755285255,0.0,1.0,0.0,0.0]}},"Id":"c68196b0-04ed-4d3f-9237-92e3ed3a600a","Name":null},"b0a8eebd-4723-45c3-97a5-aa359a3021ca":{"discriminator":"Elements.ElementInstance","Parent":"866dfdb9-4551-48a5-a128-f2beac33ee7d","Transform":{"Matrix":{"Components":[-0.71531033506375474,0.0,-0.69880692938105515,-58.5089355702869,-0.69880692938105515,0.0,0.71531033506375474,26.424704755285255,0.0,1.0,0.0,0.0]}},"Id":"b0a8eebd-4723-45c3-97a5-aa359a3021ca","Name":null},"3d9c87c4-9fd9-4095-b4b4-80647a29ffb7":{"discriminator":"Elements.ElementInstance","Parent":"db1371b2-5780-4538-8e52-14ea0926d6ff","Transform":{"Matrix":{"Components":[-0.71531033506375474,0.0,-0.69880692938105515,-60.118383824180349,-0.69880692938105515,0.0,0.71531033506375474,24.852389164177879,0.0,1.0,0.0,0.0]}},"Id":"3d9c87c4-9fd9-4095-b4b4-80647a29ffb7","Name":null},"42be62e5-a1db-409a-b4ec-f27be5a8a8d8":{"discriminator":"Elements